-2.96949409458 4323.703800673382 
-2.96923072155 34154.84614103145 
-2.93928743708 1.6805067517737862 
-2.90929355475 1.237077318207017 
-2.87929942231 1.0314383170737613 
-2.84930525861 0.9029574669000484 
-2.81931109013 0.8112066268781744 
-2.78931691955 0.7404985863162723 
-2.75932274604 0.6832860423390525 
-2.72932856868 0.635419613434107 
-2.699334387 0.5943972805607558 
-2.6693402009 0.5586035378136534 
-2.63934601055 0.5269381250550715 
-2.60935181632 0.49862106556959196 
-2.57935761863 0.47307931175134155 
-2.54936341799 0.4498807125936117 
-2.51936921491 0.42869374870555 
-2.48937500989 0.40926139975862796 
-2.45938080347 0.3913854105200128 
-2.42938659614 0.37491693697664724 
-2.39939238844 0.3597518386861051 
-2.36939818092 0.34582998116735303 
-2.3394039742 0.33313722073738217 
-2.30940976899 0.32171594669449594 
-2.27941556607 0.31163328411586894 
-2.24942136657 0.30308063442797484 
-2.2194271717 0.2962743042389063 
-2.18943298306 0.2915173059059221 
-2.15943880264 0.289182509510024 
-2.12944463294 0.2896983221051215 
-2.0994504771 0.293522308579089 
-2.06945633901 0.30110483141765887 
-2.03946222346 0.31284906338514573 
-2.00946813631 0.32907815197397133 
-1.97947408463 0.3500026329520384 
-1.94948007703 0.37575204252512956 
-1.9194861236 0.4063416956994982 
-1.88949223624 0.4417104065289373 
-1.85949842876 0.48172539923467333 
-1.82950471691 0.5261858314032271 
-1.79951111839 0.5748176598373784 
-1.76951765267 0.6272612643494545 
-1.73952434067 0.6830546680013737 
-1.70953120415 0.7416146234817957 
-1.67953826493 0.8022199777297981 
-1.6495455437 0.8640006233754096 
-1.61955305865 0.9259346409211442 
-1.58956082384 0.986864332513835 
-1.55956884748 1.0455239987570049 
-1.5295771303 1.1005932429856424 
-1.49958566427 1.150767463668633 
-1.46959443192 1.1948420602476773 
-1.43960340649 1.2318005960889495 
-1.40961255292 1.2608935962039274 
-1.37962182982 1.2816952311847079 
-1.34963119196 1.294126376220751 
-1.31964059306 1.298438376340295 
-1.28964998855 1.2951578451659589 
-1.25965933763 1.285002212582573 
-1.22966860477 1.2687835238055696 
-1.19967776035 1.2473327992299896 
-1.16968678087 1.2214867613180767 
-1.13969564908 1.1921708091412395 
-1.10970435467 1.1606251995314731 
-1.07971289624 1.1288387800592241 
-1.04972128536 1.1002042017480573 
-1.01972955337 1.080232622880576 
-0.989737760176 1.0767490349440696 
-0.959746002347 1.0985206662437303 
-0.929754415026 1.1516264159454073 
-0.89976315927 1.2348785712885433 
-0.869772388174 1.3375177609043847 
-0.839782193891 1.4411162355403262 
-0.809792552398 1.5245798939402944 
-0.779803299605 1.5701126142096646 
-0.749814160752 1.5680061988135638 
-0.719824828502 1.518437648749545 
-0.689835048123 1.429594218685747 
-0.659844668607 1.31376847879907 
-0.629853648134 1.1836700313368533 
-0.599862028155 1.050010254230108 
-0.569869897067 0.9203523157940029 
-0.539877359377 0.7991758668992686 
-0.509884493546 0.6885935824648914 
-0.479891384963 0.5892974189229546 
-0.449898106627 0.5013325171786783 
-0.419904717873 0.4244554611171265 
-0.389911266054 0.35814877305855924 
-0.359917788525 0.30146659347906707 
-0.329924314859 0.25302927643401824 
-0.299930869478 0.21135408865472377 
-0.269937474453 0.1752425048247166 
-0.239944152303 0.14397931696092647 
-0.209950929064 0.11722343349982173 
-0.179957838568 0.09467328998192324 
-0.149964929996 0.07566027464880462 
-0.119972283575 0.05859169925277218 
-0.0899800492484 0.03972778054241614 
-0.0599885696717 0.049806582840341715 
-0.0299990665542 0.6220855804005249 
-0.0 489.55811823292976 
0.0299984681425 0.533328389802159 
0.0599880269488 0.05321651861023505 
0.0899795537024 0.04602535537326979 
0.119971840606 0.05810344840088395 
0.149964541504 0.06953905883031229 
0.179957504721 0.08226986892999462 
0.209950649445 0.09705078109444788 
0.239943926946 0.11367514578931161 
0.269937305153 0.131490519720758 
0.299930761543 0.14987472146813577 
0.329924279463 0.16858619099151378 
0.359917845957 0.18791986227683502 
0.389911450288 0.20863064645228585 
0.419905082756 0.23165000717436363 
0.449898733851 0.2577189749572204 
0.479892393734 0.28706247985974326 
0.50988605213 0.3193795311174396 
0.539879698519 0.3540163657537056 
0.569873322557 0.3900896109134014 
0.599866914641 0.42665998390212695 
0.629860466423 0.4629247631917307 
0.659853971093 0.49830976920828596 
0.689847424004 0.532382995563738 
0.719840831255 0.5646352493946063 
0.749834190688 0.5942855576934705 
0.77982750334 0.6202720049187433 
0.809820774338 0.6414295579214107 
0.839814013294 0.6567280835976664 
0.869807233851 0.6654629394783632 
0.899800452508 0.6673409250567512 
0.929793686963 0.6624837482975398 
0.959786954345 0.6514156029805661 
0.98978026951 0.6350917739599018 
1.01977364349 0.614945920176414 
1.04976708221 0.5928873137317943 
1.07976058582 0.5711828736513457 
1.10975414869 0.5522079101567521 
1.13974776022 0.5381234206171315 
1.1697414061 0.5305851533154244 
1.19973506967 0.5305648942295138 
1.22972873314 0.5382799738277788 
1.25972237853 0.553259581919432 
1.28971598842 0.5745389410848369 
1.31970954647 0.6009150538828536 
1.34970303775 0.6311718394882693 
1.37969644876 0.6642293290189141 
1.40968976743 0.6992131094298653 
1.4396829829 0.7354627807253902 
1.46967608533 0.7725024214659556 
1.49966906563 0.809990356258255 
1.52966191538 0.8476600766160014 
1.55965462687 0.8852593682972754 
1.58964719325 0.922494948512947 
1.61963960904 0.9589911725682027 
1.64963187083 0.9942859968041885 
1.67962397795 1.0278103122831794 
1.70961593331 1.0588959435671723 
1.73960774417 1.0867887412955608 
1.76959942286 1.1106719401692748 
1.7995909872 1.1297066159345692 
1.82958246067 1.1431177227695648 
1.8595738717 1.1502483285876712 
1.88956525282 1.1506539954849728 
1.91955663878 1.1441372849762192 
1.9495480647 1.1307726742685205 
1.97953956408 1.1108961512528552 
2.00953116689 1.085074943121806 
2.03952289821 1.0540622652952838 
2.06951477738 1.0187450563595282 
2.09950681742 0.9800732254619762 
2.12949902547 0.939046677065141 
2.15949140307 0.8966189437607113 
2.18948394707 0.8536874220792824 
2.2194766506 0.8110577745148077 
2.249469504 0.7694240958850399 
2.27946249585 0.7293591942970794 
2.30945561372 0.6913120678376214 
2.33944884493 0.6556117127877698 
2.36944217702 0.6224750451128767 
2.39943559818 0.5920179039460836 
2.42942909749 0.5642676927481972 
2.45942266506 0.5391768905096191 
2.48941629212 0.5166371974673909 
2.51940997101 0.49649337270583593 
2.54940369512 0.4785566955599012 
2.57939745885 0.4626170523076304 
2.60939125751 0.448454499154612 
2.63938508722 0.43584806589161096 
2.6693789449 0.42458801325258766 
2.69937282794 0.4144620971576123 
2.72936673442 0.40528934963947333 
2.75936066287 0.3969020122254742 
2.78935461223 0.38915094660930943 
2.81934858178 0.38190555554838157 
2.84934257112 0.3750527748603435 
2.87933658012 0.368495484034259 
2.90933060888 0.3621506528934717 
2.93932465773 0.3559474950140296 
2.96931872719 0.349825172444595 
2.99931281799 0.34373140921518397 
3.02930693104 0.3376201701175286 
3.05930106744 0.33145052855995183 
3.08929522848 0.32518790929899566 
3.11928941582 0.3187830894605216 
3.14928363117 0.3122239910186462 
3.17927787668 0.3054610586799568 
3.20927215481 0.29845926805088885 
3.23926646846 0.2911796485138867 
3.26926082105 0.2835779548348276 
3.29925521662 0.27560335014739284 
3.32924966006 0.2671959726094728 
3.35924415725 0.2582839928541502 
3.38923871548 0.248778849358644 
3.4192333438 0.2385689968455976 
3.44922805378 0.22751128932003248 
3.47922286045 0.21541510847421838 
3.50921778387 0.20202183776123567 
3.53921285176 0.18696654010597913 
3.5692081039 0.16971631911992635 
3.59920360053 0.1494629812850475 
3.62919943934 0.12497011534824373 
3.65919579504 0.09482936393825174 
3.68919302977 0.06831003558760806 
3.71919210524 0.22604620485130783 
3.7420104579 44058.46342529893 
3.74211758978 2880.0913017590124 
