-18.9067613659 9.001998761250958 
-18.9039946972 17.382411144742626 
-18.9009283849 13.609137614150562 
-18.8976427968 6.27839369328462 
-18.8942180022 14.463394206118638 
-18.8907872886 10.25311133209179 
-18.8873965569 11.315137723547313 
-18.884084555 7.798622280882764 
-18.8807960147 8.924621981982698 
-18.8774604855 12.388189733799324 
-18.8742606767 8.906911907877303 
-18.8708935123 8.691956270654964 
-18.8676252051 14.001616008072581 
-18.8641530818 224.55090892480408 
-18.8605818881 18.514210240679652 
-18.8573737612 5.748332841098255 
-18.8541098507 11.326637700532341 
-18.8506075421 6.102543511825656 
-18.8470150748 8.969180582091104 
-18.8435523335 4.367353732307011 
-18.8401100075 7.391450240943862 
-18.8369016634 5.603322994695771 
-18.8335682355 15.671514304715496 
-18.8299515607 15.271635207628771 
-18.8262974807 7.284686229630174 
-18.8227409892 5.4129409354660245 
-18.8193046135 7.488750127940729 
-18.8159071304 7.732921322244222 
-18.812674825 9.803714185532362 
-18.8093310468 6.989676329851942 
-18.8059421739 5.088636224748378 
-18.8022128017 4.339386091740157 
-18.7985786151 8.056908797144004 
-18.794892019 6.705960613421144 
-18.7914336768 6.5292980533423615 
-18.7883879598 8.391889254870955 
-18.7849025532 7.161200809501036 
-18.7813052155 8.331060387466252 
-18.7776130714 7.470543774385021 
-18.7739065907 6.552721698073848 
-18.7702920147 7.013245942591568 
-18.7665866774 7.099074718445391 
-18.762905243 7.474950348786315 
-18.7594442024 6.244596575261451 
-18.7558880876 6.565745198505518 
-18.7520973081 5.950528260647421 
-18.7483706058 85.21227763619397 
-18.7444092616 13.254530925802635 
-18.7407863226 6.599593387424267 
-18.7374468654 4.781524320380918 
-18.733834508 6.952601604595714 
-18.7302338688 5.04071785257401 
-18.7266280022 7.45715067518944 
-18.7228728539 7.596029571826861 
-18.7189416362 8.382640328111147 
-18.7150999814 4.047395136812143 
-18.7113238059 5.197685458531461 
-18.7075354393 4.426426146737326 
-18.7037868903 5.837206476677094 
-18.7000383183 6.711648402947648 
-18.6961973506 4.985975724032912 
-18.6924807168 6.409204921312458 
-18.6888338333 5.809011581860924 
-18.6852429086 4.575797203675576 
-18.6817008477 5.5442580476076175 
-18.6780748906 5.540434120246041 
-18.6742897642 5.192368443723031 
-18.6704592549 6.221456614663164 
-18.666370349 10.029198252774131 
-18.6623122645 4.716684950002108 
-18.6583047156 7.631647563478439 
-18.6543170852 5.432338685718026 
-18.6505981056 3.893386871357769 
-18.6467958806 4.69404654900817 
-18.6430202239 5.855838006472877 
-18.6393168362 5.58789004312514 
-18.6353616609 4.716781812197933 
-18.631282234 3.7476673563831095 
-18.6271367692 4.586728625475931 
-18.6230871651 5.139913411636408 
-18.6193154894 5.01653599452055 
-18.6156557624 5.535709670301509 
-18.6115348408 5.4877921861181465 
-18.607540605 6.783696054964139 
-18.6034634623 5.077336215123066 
-18.5995941962 4.526716878169692 
-18.5958540418 4.208777991752218 
-18.5920550808 4.161069187815374 
-18.588027421 5.044040148635789 
-18.58409343 4.36456445301175 
-18.5799621854 5.752408915659534 
-18.575721718 4.144653911632378 
-18.5719874905 8.80614215659725 
-18.5680165107 3.3240872282294474 
-18.5637503756 3.7708517039427814 
-18.559701888 4.7719534043516685 
-18.555736442 5.127896999481216 
-18.5517470057 4.295758143021914 
-18.5477851363 4.453391213834566 
-18.5436638148 4.874321614151681 
-18.5395537883 4.534087887232901 
-18.5355006134 4.951129745039059 
-18.5313817057 4.0103697948090264 
-18.5271385492 4.34331785142064 
-18.5228357963 4.826984757849884 
-18.518885059 3.940953749355016 
-18.5150603305 5.18331074012705 
-18.5113338354 3.9870630701147403 
-18.5073684926 3.892346695750123 
-18.5031356899 3.1204826033951547 
-18.4988482998 3.817405818975226 
-18.4945845512 3.5593266552835656 
-18.4903316703 4.727500171420329 
-18.4861636884 4.023578246313748 
-18.4820634047 4.732155400631105 
-18.478195372 3.8448048145675426 
-18.474001515 3.166325115674373 
-18.4696421821 4.784553976801667 
-18.4653218245 5.858766273507836 
-18.4612883711 3.768948064899096 
-18.4572211123 3.4377117143160425 
-18.453005343 4.899746264984674 
-18.4490292673 3.939101112681247 
-18.4448218098 3.705617263396788 
-18.4406530695 3.838593940735871 
-18.4363736511 4.576634074955531 
-18.432010288 4.49271635342019 
-18.4278015022 3.385507090866794 
-18.423626702 4.088967090379929 
-18.4192599503 4.808077227420966 
-18.4152675998 3.4430439865154225 
-18.411170027 4.00307572170929 
-18.4069240598 4.195251577336672 
-18.4026626461 3.2080748034883775 
-18.3984655439 2.518275505030381 
-18.3940212694 3.8547855788301413 
-18.3896739162 3.8833206288385957 
-18.3852917199 3.5137900661741224 
-18.381066693 3.0951074873345266 
-18.3769574093 3.3680429652112065 
-18.3726572987 4.918487962973795 
-18.3684834858 3.0573590661965904 
-18.3642182125 3.3349924999946907 
-18.3599214234 4.969826870337949 
-18.355797883 3.866610386837094 
-18.3514830144 3.4860605816902748 
-18.3470973295 3.174098035835475 
-18.3426448352 3.6729481645304998 
-18.3381069296 3.6867109727612397 
-18.3338258406 4.310037102309857 
-18.3296584577 3.361325955167503 
-18.325585738 3.1451426674058105 
-18.3210855238 4.305387207255018 
-18.316809255 3.198382472914625 
-18.3124512355 5.520722217931127 
-18.3079073552 3.9890545243766233 
-18.303477507 3.6596125300569877 
-18.2989519275 4.107828901061907 
-18.294457126 5.141435008442453 
-18.2899736461 3.8537779024537815 
-18.2854548449 4.62001540408964 
-18.2808109931 4.179645910337004 
-18.2758660286 3.8020708795201608 
-18.2707475891 4.332793811557878 
-18.2659029491 5.035812808652231 
-18.2609786986 5.529388705356965 
-18.2559463392 5.305364366504021 
-18.2507926624 5.865470770847283 
-18.2453313274 5.009984253353475 
-18.2395370905 6.2760018633199 
-18.2334133392 5.85346215228655 
-18.2269581075 6.321095406147536 
-18.2199996597 5.246632222701882 
-18.2123210768 4.932043260879872 
-18.2037032861 3.988347152135716 
-18.1938516152 3.400111351014822 
-18.1820576792 4.176599157585645 
-18.1670642471 4.735427318945081 
-18.1459811394 5.283694531308627 
-18.1160673435 6.450639109495412 
-18.0861689762 6.290734322893612 
-18.0562494799 5.104105794786015 
-18.0262992448 3.7910660237594582 
-17.9963281338 2.7637684673787333 
-17.9663459056 2.044538328620877 
-17.9363580362 1.8560305908144505 
-17.9063672686 1.207422020795262 
-17.8763749576 0.9622935014907529 
-17.8463817924 0.7845751322004312 
-17.816388138 0.6523417036532047 
-17.7863941958 0.5515374442759706 
-17.7564000813 0.47350427325731426 
-17.7264058628 0.4122499861341329 
-17.696411582 0.36271522794606936 
-17.6664172647 0.3228263852833889 
-17.6364229273 0.289880048486517 
-17.6064285805 0.2628067405630963 
-17.5764342309 0.24007012337176856 
-17.5464398831 0.22746201653097187 
-17.5164455398 0.20459582177788405 
-17.486451203 0.19068535035741707 
-17.4564568737 0.17857421902541457 
-17.4264625525 0.16816986942836612 
-17.3964682398 0.15896095933629661 
-17.3664739356 0.1509286269295003 
-17.33647964 0.14396961789864302 
-17.3064853528 0.1375156524909145 
-17.2764910738 0.13191972147785835 
-17.2464968028 0.12690972502574574 
-17.2165025394 0.12239524996759826 
-17.1865082835 0.118271147495039 
-17.1565140347 0.11453145417938469 
-17.1265197928 0.11128317009458454 
-17.0965255574 0.10818553601227866 
-17.0665313284 0.10544598088694739 
-17.0365371055 0.10288394727579298 
-17.0065428884 0.10056495273752557 
-16.9765486768 0.11517279145010693 
-16.9465544707 0.09644856844273438 
-16.9165602697 0.094673346455294 
-16.8865660736 0.09289838556400545 
-16.8565718823 0.0913881653342094 
-16.8265776955 0.08997070313098131 
-16.7965835131 0.08869119043204449 
-16.766589335 0.08740417339574705 
-16.7365951609 0.08626295220842953 
-16.7066009908 0.08521176754253691 
-16.6766068244 0.08424771098564715 
-16.6466126617 0.08334908342585891 
-16.6166185025 0.08250761959097276 
-16.5866243466 0.10438658452574943 
-16.5566301941 0.08109662243652062 
-16.5266360447 0.0803598250439361 
-16.4966418984 0.07971868729967176 
-16.4666477551 0.07917834394686671 
-16.4366536146 0.0786141366533527 
-16.4066594769 0.07814151769446993 
-16.3766653419 0.0776681977756238 
-16.3466712096 0.07725527478290901 
-16.3166770798 0.07690798456331846 
-16.2866829525 0.07654367608962641 
-16.2566888275 0.07624780494087849 
-16.226694705 0.07600638218632298 
-16.1967005846 0.07573685966372463 
-16.1667064666 0.07553560195881041 
-16.1367123506 0.07538397273629001 
-16.1067182368 0.07521987968265732 
-16.076724125 0.07509876261979967 
-16.0467300153 0.07500807717970728 
-16.0167359074 0.07495451369433727 
-15.9867418015 0.07493685825042817 
-15.9567476975 0.07490265951056986 
-15.9267535953 0.07492813307384057 
-15.8967594948 0.07499123889406899 
-15.8667653961 0.07503379386287468 
-15.8367712991 0.07513542293938313 
-15.8067772037 0.07524786968043794 
-15.77678311 0.07537078576530147 
-15.7467890178 0.07551885982318245 
-15.7167949272 0.07569719910900687 
-15.6868008381 0.07590244413330723 
-15.6568067505 0.07611079016630365 
-15.6268126643 0.07634593491513919 
-15.5968185796 0.07658863340282177 
-15.5668244962 0.07684737376887132 
-15.5368304142 0.07712717507931116 
-15.5068363335 0.07742128795051237 
-15.4768422541 0.07771655878751091 
-15.446848176 0.07803622141974174 
-15.4168540991 0.07835993167820296 
-15.3868600234 0.07869100573473846 
-15.3568659488 0.07903382666278547 
-15.3268718755 0.0793713321509587 
-15.2968778032 0.07975200146268586 
-15.266883732 0.08010515157939868 
-15.236889662 0.08045892040883976 
-15.2068955929 0.08082384478743967 
-15.1769015249 0.0811893852051379 
-15.1469074579 0.08155635878420796 
-15.1169133918 0.08191968758442987 
-15.0869193267 0.08229182974993608 
-15.0569252625 0.08264594691971859 
-15.0269311992 0.08299407718385655 
-14.9969371368 0.08335336031060421 
-14.9669430752 0.08370519550910542 
-14.9369490145 0.0840411700786261 
-14.9069549546 0.08436713471026819 
-14.8769608955 0.0847005185773162 
-14.8469668372 0.08501741084927061 
-14.8169727796 0.08533304932308595 
-14.7869787228 0.08562728321141676 
-14.7569846667 0.08591737049301602 
-14.7269906113 0.0862067166713885 
-14.6969965566 0.08647620921646929 
-14.6670025026 0.0867468974854949 
-14.6370084492 0.08699687423975053 
-14.6070143965 0.08724223223998989 
-14.5770203444 0.08747968454419758 
-14.5470262929 0.08770972223645815 
-14.517032242 0.08792601164689423 
-14.4870381916 0.08813289977809921 
-14.4570441419 0.08833116250619111 
-14.4270500927 0.08851983754828235 
-14.3970560441 0.08869568814238112 
-14.367061996 0.0888656584486607 
-14.3370679484 0.08903345274458441 
-14.3070739013 0.08918812339406172 
-14.2770798547 0.08934011657243815 
-14.2470858086 0.08948097035384282 
-14.217091763 0.0896097801703807 
-14.1870977179 0.08974796404159399 
-14.1571036731 0.0898618975422545 
-14.1271096288 0.08998528166927698 
-14.097115585 0.090096558871267 
-14.0671215415 0.0902031009584052 
-14.0371274985 0.09030669356458697 
-14.0071334558 0.09039598470027448 
-13.9771394136 0.09048763375681212 
-13.9471453716 0.09057626574811027 
-13.9171513301 0.09065913121855039 
-13.8871572889 0.09073802445423944 
-13.857163248 0.09081117231271209 
-13.8271692074 0.09088036510707932 
-13.7971751672 0.09094699816966663 
-13.7671811272 0.09100789490965476 
-13.7371870875 0.09106359599135774 
-13.7071930482 0.09111809891912308 
-13.677199009 0.09116739701597167 
-13.6472049702 0.09120697678925888 
-13.6172109316 0.09124936294011311 
-13.5872168932 0.09128565311644969 
-13.5572228551 0.09131912209807856 
-13.5272288172 0.09134591889449578 
-13.4972347795 0.09137055265612679 
-13.467240742 0.09138341230995213 
-13.4372467047 0.09139592833954906 
-13.4072526676 0.0914007054498323 
-13.3772586306 0.091406192944177 
-13.3472645939 0.0913987070254571 
-13.3172705573 0.09138859764486866 
-13.2872765209 0.09137461775417301 
-13.2572824847 0.09135286907731398 
-13.2272884486 0.09132910299101635 
-13.1972944126 0.0912948671816887 
-13.1673003768 0.0912565593618693 
-13.1373063412 0.09121002182446396 
-13.1073123057 0.09116271457596377 
-13.0773182703 0.09110304017078329 
-13.0473242351 0.09104181873535373 
-13.0173302 0.09096836589645836 
-12.987336165 0.09089427087567571 
-12.9573421302 0.09081381659959442 
-12.9273480955 0.09072773391650425 
-12.8973540609 0.09063521418361517 
-12.8673600265 0.09053375885770591 
-12.8373659922 0.09043035026097222 
-12.807371958 0.09032301377787669 
-12.777377924 0.09021019488809169 
-12.7473838901 0.0900888784804329 
-12.7173898564 0.08996801966134707 
-12.6873958228 0.08983940648297317 
-12.6574017894 0.08970646846310419 
-12.6274077561 0.08957546774033004 
-12.5974137229 0.08943853060601174 
-12.5674196899 0.0892963861077247 
-12.5374256571 0.08915476867372177 
-12.5074316245 0.08901311800909126 
-12.477437592 0.08886364777719548 
-12.4474435596 0.08871725849414232 
-12.4174495275 0.088575265238187 
-12.3874554955 0.08842287699528979 
-12.3574614637 0.08827770604362971 
-12.3274674321 0.08813474792289071 
-12.2974734007 0.08799059478196906 
-12.2674793695 0.08784538026011895 
-12.2374853384 0.08770341356288554 
-12.2074913076 0.0875679993416722 
-12.177497277 0.08743618386015466 
-12.1475032465 0.08730478556102404 
-12.1175092163 0.08717867476615652 
-12.0875151863 0.08705886668170783 
-12.0575211565 0.08694348336856207 
-12.027527127 0.08683084501147538 
-11.9975330976 0.08672590430760496 
-11.9675390685 0.08663233991747056 
-11.9375450396 0.08654035298284023 
-11.9075510109 0.08646142638728496 
-11.8775569825 0.08638413150979941 
-11.8475629543 0.08632072805928012 
-11.8175689263 0.08626053569712457 
-11.7875748985 0.08621796294764156 
-11.757580871 0.0861789734430114 
-11.7275868438 0.0861557084104829 
-11.6975928167 0.0861387406148656 
-11.66759879 0.08613837827554154 
-11.6376047634 0.08614462935845743 
-11.6076107371 0.0861668478247434 
-11.5776167111 0.08619809005244211 
-11.5476226853 0.08624205528614225 
-11.5176286598 0.0863019300176673 
-11.4876346345 0.08637589049673708 
-11.4576406095 0.08646102242888609 
-11.4276465847 0.08656028498244378 
-11.3976525602 0.08667484896969659 
-11.367658536 0.0868043333148245 
-11.337664512 0.0869488786776751 
-11.3076704883 0.08710246550203224 
-11.2776764649 0.08727314016249708 
-11.2476824417 0.08745934550588765 
-11.2176884188 0.08766018184539538 
-11.1876943962 0.08787126553221039 
-11.1577003739 0.0880958176235997 
-11.1277063518 0.08833986313379383 
-11.09771233 0.08858722545257405 
-11.0677183085 0.08885404636986562 
-11.0377242873 0.08912994848747513 
-11.0077302664 0.08941704725381386 
-10.9777362457 0.08971273258080284 
-10.9477422254 0.0900210294556857 
-10.9177482053 0.09033608961866207 
-10.8877541855 0.09066061689500277 
-10.8577601661 0.09099358173597794 
-10.8277661469 0.09133113015994293 
-10.797772128 0.09167689512900816 
-10.7677781094 0.09202578511991066 
-10.7377840911 0.09238119804316708 
-10.707790073 0.09274125435198911 
-10.6777960553 0.09310217550514115 
-10.6478020379 0.09346712703816129 
-10.6178080208 0.09383312632109453 
-10.5878140039 0.09420226314894344 
-10.5578199874 0.0945732813769045 
-10.5278259711 0.09493929346745739 
-10.4978319552 0.09531221745677648 
-10.4678379395 0.09568399089062257 
-10.4378439241 0.09605234363479995 
-10.407849909 0.09642279234362097 
-10.3778558942 0.09679378716878431 
-10.3478618797 0.09716371620425539 
-10.3178678654 0.09753187511507 
-10.2878738515 0.09790111550446959 
-10.2578798378 0.09827075177864106 
-10.2278858244 0.09863794588425823 
-10.1978918113 0.09900849718898246 
-10.1678977984 0.09937689581612116 
-10.1379037858 0.09974671404332931 
-10.1079097736 0.10011771823598888 
-10.0779157615 0.1004887322254905 
-10.0479217498 0.10086280716926288 
-10.0179277383 0.10123397162925085 
-9.98793372716 0.10160662888568874 
-9.95793971625 0.10197952891428895 
-9.92794570561 0.10235363997501847 
-9.89795169525 0.102729303512594 
-9.86795768516 0.10310476344810468 
-9.83796367535 0.10347815213110836 
-9.80796966581 0.10385128065441082 
-9.77797565654 0.10422353339746149 
-9.74798164756 0.10459385510045345 
-9.71798763884 0.10496260857158872 
-9.68799363041 0.10532774352056778 
-9.65799962225 0.10569086832114127 
-9.62800561437 0.10604931468339739 
-9.59801160676 0.10640239579954498 
-9.56801759944 0.1067508386519976 
-9.53802359239 0.10709170981648493 
-9.50802958563 0.10742686361162394 
-9.47803557915 0.10775619454231697 
-9.44804157294 0.10807553410196856 
-9.41804756702 0.10838743036197394 
-9.38805356138 0.10868926728519795 
-9.35805955603 0.1089822554292929 
-9.32806555096 0.1092655674420752 
-9.29807154617 0.1095425187425306 
-9.26807754168 0.10980769485475424 
-9.23808353746 0.11006370766031634 
-9.20808953354 0.11030955856647291 
-9.1780955299 0.1105500191692522 
-9.14810152655 0.1107800996304256 
-9.11810752349 0.11100324724016063 
-9.08811352072 0.11122135314290667 
-9.05811951825 0.11143127919349088 
-9.02812551607 0.11163694503283356 
-8.99813151419 0.11183872341021804 
-8.9681375126 0.11203779215307517 
-8.93814351131 0.11223357011932159 
-8.90814951033 0.11242864632338344 
-8.87815550964 0.11262358338544042 
-8.84816150926 0.11281818270132879 
-8.81816750919 0.11301412316414575 
-8.78817350942 0.11321342048793985 
-8.75817950995 0.11341711204574813 
-8.7281855108 0.11362316351482026 
-8.69819151195 0.11383254672996004 
-8.66819751341 0.11404842897235266 
-8.63820351518 0.11426926988988452 
-8.60820951726 0.11449554304432001 
-8.57821551964 0.11472763077264833 
-8.54822152233 0.11496514710310503 
-8.51822752532 0.11521168011739708 
-8.48823352862 0.11546427464475909 
-8.45823953221 0.115721923100819 
-8.4282455361 0.11598608360718948 
-8.39825154028 0.11625790621491493 
-8.36825754476 0.1165371355250297 
-8.33826354952 0.11682202137236192 
-8.30826955457 0.11711373552818272 
-8.27827555989 0.11741265784628961 
-8.2482815655 0.11771796019605563 
-8.21828757137 0.11803023641147883 
-8.18829357752 0.11835114004442175 
-8.15829958393 0.11867840603065821 
-8.12830559061 0.11901240246783552 
-8.09831159755 0.11935551933188966 
-8.06831760475 0.1197056246918691 
-8.03832361222 0.12006354247665331 
-8.00832961994 0.12042891155321726 
-7.97833562792 0.1208026435075963 
-7.94834163617 0.1211829553837342 
-7.91834764467 0.12157200061650578 
-7.88835365344 0.12196642584290862 
-7.85835966247 0.12236939497645802 
-7.82836567178 0.12277682955752234 
-7.79837168135 0.12318965319610228 
-7.76837769119 0.12360896087493733 
-7.73838370131 0.12402994937276715 
-7.70838971171 0.12445611793945384 
-7.67839572239 0.12488149911129703 
-7.64840173336 0.12531168855466043 
-7.61840774461 0.1257410734266113 
-7.58841375615 0.12617051050793293 
-7.55841976798 0.1265988065449367 
-7.52842578011 0.12702390696394694 
-7.49843179253 0.1274472790924895 
-7.46843780525 0.12786851102882965 
-7.43844381826 0.12828408234004582 
-7.40844983158 0.12869621204336 
-7.3784558452 0.12910267155926655 
-7.34846185911 0.12950352643346533 
-7.31846787332 0.12989890944266302 
-7.28847388783 0.1302887675224562 
-7.25847990264 0.13066992742554734 
-7.22848591774 0.1310443944655414 
-7.19849193314 0.13141075090970702 
-7.16849794882 0.13176950984202043 
-7.1385039648 0.13211836717721787 
-7.10850998105 0.13245897754209152 
-7.07851599759 0.13279011104750063 
-7.0485220144 0.13311159901856137 
-7.01852803148 0.13342379942166774 
-6.98853404883 0.13372515531777476 
-6.95854006644 0.13401655968732373 
-6.92854608431 0.1342990819500543 
-6.89855210244 0.13457055156870787 
-6.86855812081 0.1348334233392378 
-6.83856413943 0.13508759782996382 
-6.80857015829 0.13533280616225407 
-6.77857617739 0.1355696017102099 
-6.74858219672 0.13579986302604988 
-6.71858821628 0.13602317807693484 
-6.68859423607 0.13624040358034253 
-6.65860025608 0.1364544251848364 
-6.62860627632 0.13666527713811036 
-6.59861229678 0.13687246517302953 
-6.56861831745 0.13707879052350694 
-6.53862433835 0.13728594790114118 
-6.50863035947 0.13749488739192323 
-6.47863638081 0.13770718835973314 
-6.44864240237 0.1379247510426138 
-6.41864842416 0.13814775864331466 
-6.38865444618 0.13837965750558306 
-6.35866046843 0.13862064556614093 
-6.32866649092 0.138873827470811 
-6.29867251365 0.13913941688039527 
-6.26867853663 0.1394194146325619 
-6.23868455988 0.13971580896464528 
-6.20869058339 0.14002996627822556 
-6.17869660717 0.14036276755426844 
-6.14870263124 0.1407159775407915 
-6.11870865561 0.1410908874957686 
-6.08871468028 0.1414888734214355 
-6.05872070526 0.14190957231272605 
-6.02872673058 0.14235580422033606 
-5.99873275623 0.14282736327931517 
-5.96873878224 0.14332454298397665 
-5.93874480861 0.14384847465290126 
-5.90875083536 0.14439957595447225 
-5.8787568625 0.14497758793514542 
-5.84876289004 0.14558339654952435 
-5.81876891799 0.14621598916880063 
-5.78877494638 0.1468757535423553 
-5.7587809752 0.14756173288942678 
-5.72878700447 0.14827431665553295 
-5.69879303421 0.14901169673856698 
-5.66879906442 0.14977380203389495 
-5.63880509511 0.15055899907281098 
-5.60881112629 0.15136676502610896 
-5.57881715798 0.15219531660721589 
-5.54882319017 0.1530439660447887 
-5.51882922288 0.15391132312744366 
-5.48883525611 0.15479486611314497 
-5.45884128986 0.1556933353728891 
-5.42884732416 0.15660675103549054 
-5.39885335898 0.15753180609310968 
-5.36885939435 0.1584674644656776 
-5.33886543026 0.15941245458886863 
-5.30887146671 0.1603650197662337 
-5.27887750371 0.16132464876745606 
-5.24888354126 0.16228837647499214 
-5.21888957935 0.16325578779138003 
-5.18889561798 0.16422544153094396 
-5.15890165716 0.16519649744474538 
-5.12890769689 0.16616831073367017 
-5.09891373715 0.16713838289282187 
-5.06891977796 0.168107577962601 
-5.03892581931 0.16907366118505066 
-5.00893186119 0.17003647388629264 
-4.97893790361 0.1709952438269596 
-4.94894394657 0.17194969699357732 
-4.91894999006 0.17289903544487933 
-4.88895603408 0.1738425966149028 
-4.85896207862 0.17478003404122677 
-4.8289681237 0.1757119943919557 
-4.7989741693 0.1766368641391022 
-4.76898021543 0.17755521058796075 
-4.73898626208 0.17846754922447272 
-4.70899230926 0.1793733891890417 
-4.67899835697 0.18027294028348673 
-4.6490044052 0.18116650783249186 
-4.61901045396 0.18205469642531588 
-4.58901650325 0.18293815055062052 
-4.55902255308 0.18381703581763165 
-4.52902860344 0.18469252678459938 
-4.49903465434 0.18556537670821266 
-4.46904070579 0.18643656262699926 
-4.43904675779 0.1873056864533859 
-4.40905281035 0.18817428305227307 
-4.37905886348 0.18904034061349648 
-4.34906491717 0.1898958466019204 
-4.31907097142 0.19062381252683294 
-4.28907702635 0.19170590449639233 
-4.25908308187 0.19260740122318393 
-4.22908913802 0.19352103390053563 
-4.19909519482 0.19444878579180136 
-4.16910125229 0.19539464164350825 
-4.13910731046 0.19635891125808252 
-4.10911336934 0.19734585980841496 
-4.07911942897 0.19835913461972518 
-4.04912548937 0.1994002556390937 
-4.01913155057 0.20047333957719057 
-3.9891376126 0.20158169034107196 
-3.95914367551 0.2027283229435296 
-3.92914973934 0.20391766893722454 
-3.89915580411 0.20515281840249283 
-3.86916186989 0.20643724849064912 
-3.83916793672 0.20777531742798916 
-3.80917400465 0.20917053294730528 
-3.77918007373 0.21062703550854517 
-3.74918614403 0.2121488751515876 
-3.71919221561 0.2137400668269468 
-3.68919828854 0.21540485703499507 
-3.65920436289 0.21714703478852146 
-3.62921043874 0.218971309710528 
-3.59921651617 0.22088177970580886 
-3.56922259526 0.22288228319062528 
-3.5392286761 0.22497730068167868 
-3.5092347588 0.2271712907766028 
-3.47924084346 0.22946803065509777 
-3.44924693018 0.23187208989533878 
-3.41925301909 0.2343874412021614 
-3.3892591103 0.23701817432272915 
-3.35926520395 0.23976872433436477 
-3.32927130017 0.24264306189706014 
-3.2992773991 0.24564570809202757 
-3.26928350091 0.24877994378497603 
-3.23928960575 0.2520501478502023 
-3.2092957138 0.2554605614811763 
-3.17930182524 0.25901439171570695 
-3.14930794025 0.2627152437057302 
-3.11931405905 0.2665671453592921 
-3.08932018184 0.27057357260011544 
-3.05932630884 0.2747371671195041 
-3.02933244029 0.27906134993902515 
-2.99933857644 0.2835485592922248 
-2.96934471755 0.28820132468742615 
-2.93935086388 0.293021691389944 
-2.90935701573 0.2980107045173662 
-2.87936317338 0.30317004114023965 
-2.84936933713 0.3084997772735091 
-2.81937550732 0.31399949371179925 
-2.78938168426 0.3196689693725717 
-2.7593878683 0.3255062959448098 
-2.72939405978 0.33150906023991433 
-2.69940025907 0.33767399212094323 
-2.66940646652 0.34399680263302734 
-2.6394126825 0.35047287449302444 
-2.60941890739 0.35709560129903334 
-2.57942514157 0.36385864835109555 
-2.54943138541 0.37075339517343636 
-2.51943763928 0.37777185938975455 
-2.48944390356 0.3849042041306738 
-2.45945017861 0.3921399004528127 
-2.42945646479 0.3994684767123152 
-2.39946276244 0.40687855532240647 
-2.36946907191 0.41435862373356713 
-2.3394753935 0.42189661976383125 
-2.30948172753 0.4294812484387263 
-2.27948807429 0.43710073218278334 
-2.24949443404 0.4447439019029784 
-2.21950080705 0.4524002248816686 
-2.18950719353 0.4600598111631192 
-2.15951359372 0.4677134614851975 
-2.1295200078 0.47535239314581096 
-2.09952643596 0.48296985017985666 
-2.06953287837 0.4905587903585987 
-2.03953933517 0.4981139351927521 
-2.00954580649 0.5056305148016524 
-1.97955229246 0.5131050523543365 
-1.94955879318 0.5205346526457735 
-1.91956530876 0.5279177824211633 
-1.88957183929 0.5352538794781678 
-1.85957838486 0.5425435090047068 
-1.82958494555 0.5497887373962167 
-1.79959152147 0.5569931259984096 
-1.76959811269 0.5641617739685802 
-1.73960471934 0.5713023679758571 
-1.70961134155 0.5784245894397407 
-1.67961797948 0.5855399105193432 
-1.64962463332 0.5926623999689425 
-1.61963130331 0.5998073063793007 
-1.58963798974 0.6069911403748979 
-1.55964469296 0.6142291536838009 
-1.52965141337 0.621534096083671 
-1.49965815142 0.628913481371016 
-1.4696649076 0.6363654848128637 
-1.43967168241 0.6438760906403406 
-1.40967847631 0.6514144841301983 
-1.37968528972 0.6589286605299373 
-1.34969212289 0.6663426357453855 
-1.31969897587 0.6735538975850693 
-1.2897058484 0.6804322574033922 
-1.25971273986 0.686823425915206 
-1.22971964917 0.6925507453784651 
-1.19972657472 0.6974227283909705 
-1.16973351436 0.7012417114836015 
-1.13974046537 0.7038134627861514 
-1.10974742451 0.7049573300573716 
-1.07975438809 0.7045171753935894 
-1.04976135212 0.702370377698154 
-1.01976831236 0.6984337469096608 
-0.989775264614 0.6926692392909309 
-0.959782204796 0.6850841008136127 
-0.929789129161 0.6757308310025899 
-0.899796034441 0.6647019761875455 
-0.869802917984 0.6521344556827913 
-0.839809777907 0.6382924347649778 
-0.80981660762 0.6229619302136378 
-0.779823406204 0.606744940005062 
-0.749830173332 0.589691462792562 
-0.719836909563 0.5719931013110037 
-0.689843616126 0.5538340185628243 
-0.659850294858 0.5353875252097448 
-0.629856948136 0.5168123993533348 
-0.599863578826 0.4982521169106613 
-0.569870190225 0.4798320070348123 
-0.53987678603 0.461660460735931 
-0.509883370328 0.4438292683920494 
-0.4798899476 0.4264135132668293 
-0.449896522773 0.4094735849135423 
-0.419903101299 0.3930572592162913 
-0.389909689298 0.3771994684889289 
-0.359916293775 0.3619254228830299 
-0.329922922946 0.34725184635290646 
-0.29992958674 0.333188187393953 
-0.269936297572 0.31973942850013665 
-0.23994307159 0.3069100654185372 
-0.209949930778 0.29470986331210264 
-0.179956906712 0.2831712046306273 
-0.14996404785 0.2724111273169222 
-0.119971435271 0.26287765928401274 
-0.0899792223958 0.25674217001433053 
-0.0599877634362 0.27032903139765146 
-0.0299983036353 0.5682842175698402 
-0.0 1240142.362979402 
0.0299983200187 0.5603985882592821 
0.059987696719 0.24095143768603886 
0.0899790557008 0.20829321876866833 
0.119971168526 0.19685489090355723 
0.149963687621 0.1891061522167665 
0.179956463079 0.18232858790810716 
0.209949416391 0.17664730916307544 
0.23994250082 0.1712085401115766 
0.269935686427 0.166149749591516 
0.29992895277 0.16143585731676915 
0.329922285243 0.15704240979694142 
0.359915673027 0.15295036225147982 
0.389909107869 0.1491450587054301 
0.419902583317 0.14561282980767104 
0.449896094223 0.14234213463164105 
0.479889636408 0.1393218850996959 
0.509883206426 0.13654206522567477 
0.539876801398 0.13399253919452792 
0.569870418891 0.1316643069442387 
0.59986405683 0.1295480758785064 
0.629857713423 0.12763488309522789 
0.659851387117 0.12591630172810173 
0.68984507655 0.12438380238261992 
0.719838780524 0.12302915665392132 
0.749832497974 0.1218441130234454 
0.779826227954 0.12082081358104049 
0.809819969614 0.1199514883220706 
0.839813722189 0.11922858576532447 
0.869807484987 0.11864483625330649 
0.899801257382 0.11819323348977274 
0.929795038799 0.11786704626668588 
0.959788828717 0.11765998841538898 
0.989782626654 0.11756586531965098 
1.01977643217 0.1175790343133776 
1.04977024485 0.11769417959184104 
1.07976406432 0.11790634708427189 
1.10975789023 0.11821083072966625 
1.13975172225 0.11860339751189268 
1.16974556008 0.11908007832256566 
1.19973940342 0.11963713815217307 
1.22973325201 0.12027123289216289 
1.2597271056 0.12097922758850063 
1.28972096395 0.12175817737071304 
1.31971482682 0.12260543678479578 
1.34970869401 0.1235185350546622 
1.37970256532 0.12449514510275472 
1.40969644055 0.125533127060256 
1.43969031951 0.12663050917985189 
1.46968420204 0.1277853998586485 
1.49967808795 0.1289960840122886 
1.5296719771 0.13026088856232712 
1.55966586932 0.13157829538540133 
1.58965976446 0.13294685416098953 
1.61965366239 0.1343651750175993 
1.64964756296 0.13583195510892124 
1.67964146603 0.13734591882445046 
1.70963537148 0.13890586975304003 
1.73962927918 0.14051066485811714 
1.769623189 0.14215915271414245 
1.79961710084 0.1438502760488199 
1.82961101456 0.1455830028248462 
1.85960493005 0.14735633304124748 
1.88959884722 0.14916932100417712 
1.91959276594 0.15102105744852373 
1.94958668611 0.1529106403727269 
1.97958060762 0.15483731837546086 
2.00957453038 0.1568002782558561 
2.03956845428 0.15879880525531398 
2.06956237923 0.16083222855205845 
2.09955630512 0.16289990631079082 
2.12955023186 0.16500123629162475 
2.15954415935 0.16713567620121406 
2.18953808751 0.16930266154411688 
2.21953201623 0.17150167901313396 
2.24952594543 0.1737322013260739 
2.27951987501 0.17599370824675364 
2.30951380488 0.17828564539552355 
2.33950773496 0.18060746781806034 
2.36950166515 0.18295855832612512 
2.39949559594 0.18533827220208687 
2.42948952763 0.18774590445305153 
2.45948346011 0.19018069829346257 
2.48947739328 0.19264181113507262 
2.51947132703 0.19512833246855005 
2.54946526125 0.19763925962441348 
2.57945919584 0.20017355256161593 
2.6094531307 0.20273004475826245 
2.63944706572 0.2053074928674111 
2.6694410008 0.2079045626413889 
2.69943493585 0.21051984141019475 
2.72942887076 0.21315184004371707 
2.75942280545 0.21579893544975362 
2.7894167398 0.21845947168770669 
2.81941067374 0.22113169651133702 
2.84940460717 0.22381377533293323 
2.87939854 0.22650380488541574 
2.90939247214 0.22919980173967844 
2.93938640351 0.23189969818611222 
2.96938033403 0.2346014116420164 
2.99937426361 0.23730272743628197 
3.02936819218 0.2400014316496986 
3.05936211966 0.24269518928507003 
3.08935604599 0.24538167190655366 
3.11934997109 0.24805845344632407 
3.1493438949 0.25072306263772376 
3.17933781736 0.2533729424820815 
3.2093317384 0.256005495745413 
3.23932565799 0.2586181089821882 
3.26931957605 0.2612080128424823 
3.29931349255 0.2637724577607568 
3.32930740745 0.26630859599532836 
3.3593013207 0.26881352078876436 
3.38929523228 0.27128425468617545 
3.41928914215 0.27371775698647965 
3.44928305029 0.2761109128131424 
3.47927695668 0.2784605382321549 
3.50927086132 0.280763418716312 
3.53926476418 0.2830162281596305 
3.56925866527 0.28521560027903986 
3.5992525646 0.28735812197643856 
3.62924646217 0.28944031701541373 
3.65924035799 0.2914586777038496 
3.6892342521 0.29340965725671575 
3.71922814451 0.29528967568630776 
3.74922203527 0.29709517437032423 
3.77921592441 0.298822564126522 
3.80920981199 0.30046828213726107 
3.83920369806 0.30202878753517715 
3.86919758269 0.3035006046513394 
3.89919146593 0.30488030885765804 
3.92918534788 0.3061645713318814 
3.9591792286 0.30735013554128277 
3.9891731082 0.30843390265809384 
4.01916698676 0.30941290875145555 
4.04916086439 0.31028435486274075 
4.0791547412 0.3110456157731949 
4.1091486173 0.3116942850935518 
4.1391424928 0.31222817372137307 
4.16913636783 0.3126453466551181 
4.19913024253 0.312944132764713 
4.22912411701 0.3131231401632889 
4.25911799142 0.31318127337825785 
4.2891118659 0.3131177750247832 
4.31910574057 0.31293220257187976 
4.3490996156 0.31262446729417387 
4.3790934911 0.3121948450973726 
4.40908736724 0.3116439876957544 
4.43908124415 0.3109729201704981 
4.46907512197 0.31018307239746024 
4.49906900084 0.3092762660995134 
4.5290628809 0.3082547268506935 
4.55905676228 0.3071210900297182 
4.58905064511 0.30587838783677745 
4.61904452952 0.3045300658308611 
4.64903841562 0.30307996099404866 
4.67903230352 0.30153230085433697 
4.70902619335 0.2998916982189565 
4.73902008518 0.2981631212661997 
4.76901397912 0.29635189835912634 
4.79900787526 0.2944636784714413 
4.82900177366 0.29250442339333904 
4.8589956744 0.2904803549819896 
4.88898957754 0.28839797530890426 
4.91898348312 0.28626398304666384 
4.94897739119 0.2840852671406792 
4.97897130177 0.2818688584226883 
5.00896521489 0.279621946002647 
5.03895913057 0.2773517227120543 
5.06895304881 0.2750654426399068 
5.0989469696 0.2727703349952341 
5.12894089293 0.2704735715024237 
5.15893481879 0.2681822260654133 
5.18892874714 0.26590323840959207 
5.21892267795 0.2636432826557683 
5.24891661117 0.2614089238031079 
5.27891054675 0.25920638907368077 
5.30890448465 0.2570415848124427 
5.3388984248 0.25492011261631325 
5.36889236713 0.25284717146307123 
5.39888631158 0.2508275698162583 
5.42888025807 0.24886570819401052 
5.45887420653 0.246965481920817 
5.48886815687 0.24513037187541917 
5.51886210903 0.24336337274400863 
5.54885606291 0.24166699952508688 
5.57885001843 0.24004324622890474 
5.60884397551 0.23849368733967058 
5.63883793406 0.2370193649116875 
5.66883189401 0.23562089657785706 
5.69882585527 0.234298455497198 
5.72881981777 0.2330517111422742 
5.75881378141 0.23188000350326882 
5.78880774613 0.23078227238963903 
5.81880171185 0.2297570829729393 
5.84879567849 0.22880269411526236 
5.878789646 0.22791707546914577 
5.90878361429 0.22709790167211916 
5.93877758332 0.22634264335850945 
5.96877155301 0.22564857361603677 
5.99876552331 0.22501278961278975 
6.02875949418 0.22443226667322652 
6.05875346555 0.22390387215690608 
6.08874743738 0.22342441038638008 
6.11874140962 0.22299061079846405 
6.14873538225 0.2225992109577302 
6.17872935522 0.22224694400804926 
6.20872332849 0.22193056757658908 
6.23871730205 0.2216468937485419 
6.26871127586 0.22139277490765538 
6.29870524989 0.2211651383429441 
6.32869922414 0.22096106366467866 
6.35869319857 0.2207776397665656 
6.38868717318 0.22061215017989172 
6.41868114796 0.22046196801406748 
6.44867512289 0.2203245949442305 
6.47866909796 0.22019767662211875 
6.50866307318 0.2200790148475568 
6.53865704853 0.21996652365757074 
6.56865102402 0.21985832361248359 
6.59864499965 0.2197526101453243 
6.62863897542 0.21964787216403475 
6.65863295134 0.21954266812089895 
6.6886269274 0.21943573748918635 
6.71862090363 0.2193260403318142 
6.74861488001 0.2192126510145351 
6.77860885657 0.21909486230613354 
6.80860283332 0.21897218092077383 
6.83859681026 0.21884423409111636 
6.8685907874 0.2187109018802616 
6.89858476476 0.21857222740579801 
6.92857874235 0.21842845229334862 
6.95857272017 0.21828003859454326 
6.98856669825 0.21812757901297888 
7.01856067658 0.2179719192810864 
7.04855465519 0.21781406505349563 
7.07854863407 0.21765521258633905 
7.10854261324 0.21749671825812925 
7.13853659271 0.21734016658546118 
7.16853057248 0.21718725891873958 
7.19852455255 0.21703987003361852 
7.22851853293 0.21690009123952686 
7.25851251363 0.21677003371770034 
7.28850649463 0.2166520530549553 
7.31850047594 0.21654861324681376 
7.34849445756 0.21646232073275945 
7.37848843947 0.2163959001413678 
7.40848242168 0.21635213033273118 
7.43847640415 0.21633396924649012 
7.4684703869 0.21634440382189693 
7.49846436989 0.21638651674558115 
7.52845835311 0.21646346974713634 
7.55845233653 0.2165784647909928 
7.58844632014 0.21673482245619835 
7.6184403039 0.21693580282314204 
7.64843428779 0.21718477568058542 
7.67842827177 0.21748521174808874 
7.7084222558 0.21784049168347575 
7.73841623985 0.21825417314824444 
7.76841022387 0.21872977809358438 
7.79840420781 0.21927094883594306 
7.82839819163 0.21988137197444757 
7.85839217526 0.2205648289383968 
7.88838615866 0.221325225028724 
7.91838014175 0.2221664763341321 
7.94837412448 0.2230926636391658 
7.97836810676 0.22410796567679345 
8.00836208852 0.22521675144132908 
8.03835606969 0.2264233175882284 
8.06835005016 0.22773217278742527 
8.09834402985 0.2291479337503788 
8.12833800866 0.23067518663604702 
8.15833198647 0.2323185357955402 
8.18832596318 0.23408269248582228 
8.21831993864 0.23597217371729345 
8.24831391274 0.23799157945130636 
8.27830788533 0.24014518755823297 
8.30830185625 0.242437243708493 
8.33829582535 0.24487178466622214 
8.36828979246 0.24745252990204558 
8.39828375738 0.25018296291633796 
8.42827771993 0.25306623089649904 
8.45827167991 0.25610500375860323 
8.4882656371 0.25930172123660356 
8.51825959127 0.26265816426385424 
8.54825354219 0.26617572756771957 
8.5782474896 0.2698551438692612 
8.60824143325 0.27369665657931846 
8.63823537286 0.27769992580237396 
8.66822930816 0.28186389775757126 
8.69822323886 0.28618690959686016 
8.72821716465 0.290666636661675 
8.75821108522 0.2952999657491417 
8.78820500026 0.30008299003038486 
8.81819890943 0.30501082042782046 
8.84819281242 0.3100777061737874 
8.87818670888 0.3152766518612709 
8.90818059848 0.32059973369333583 
8.93817448087 0.3260378703420821 
8.96816835572 0.33158073468669835 
8.99816222269 0.33721701253657366 
9.02815608146 0.342934413158714 
9.05814993172 0.3487194825966318 
9.08814377314 0.3545577340150296 
9.11813760544 0.3604336194397675 
9.14813142835 0.3663305204351285 
9.17812524162 0.3722306093045614 
9.20811904502 0.3781149205969933 
9.23811283837 0.3839631215173831 
9.26810662149 0.38975365001211587 
9.29810039427 0.39546356567375235 
9.32809415664 0.40106843995344826 
9.35808790857 0.4065426897918734 
9.38808165008 0.41185932062331565 
9.41807538128 0.4169904806371244 
9.4480691023 0.4219073496119623 
9.47806281336 0.4265806606706115 
9.50805651476 0.4309809687174408 
9.53805020685 0.4350788467823031 
9.56804389007 0.4388453869732207 
9.59803756493 0.4422524190894092 
9.62803123201 0.4452729536746275 
9.65802489196 0.4478815977469315 
9.68801854551 0.45005459089795874 
9.71801219344 0.45177041138723567 
9.7480058366 0.45301014150350416 
9.77799947588 0.4537577207834672 
9.80799311222 0.45399993334126615 
9.83798674658 0.45372721588858195 
9.86798037996 0.4529332699859469 
9.89797401336 0.4516156222824883 
9.9279676478 0.44977558665382117 
9.95796128427 0.44741791593319546 
9.98795492375 0.4445516418044252 
10.0179485672 0.44118887873530666 
10.0479422155 0.43734549048516536 
10.0779358695 0.43304027084406854 
10.1079295301 0.42829498749955375 
10.1379231979 0.42313438776535195 
10.1679168737 0.4175847432163197 
10.197910558 0.41167513651442633 
10.2279042513 0.4054352098566156 
10.2578979538 0.3988758175357889 
10.2878916665 0.3920790808416946 
10.3178853893 0.3850420198900706 
10.3478791225 0.37780314829029654 
10.3778728661 0.37039612219496715 
10.4078666203 0.36285311174395246 
10.4378603851 0.3552059837868522 
10.4678541603 0.3474852563235204 
10.4978479459 0.3397208214952779 
10.5278417418 0.33194029137723813 
10.5578355476 0.32417136846273076 
10.5878293632 0.3164387242566305 
10.6178231884 0.308766079541665 
10.6478170227 0.3011752452354944 
10.6778108659 0.29368637638761386 
10.7078047176 0.2863180372522502 
10.7377985775 0.27908689687750693 
10.7677924452 0.2720082584005933 
10.7977863204 0.26509530150305227 
10.8277802026 0.25835944863775856 
10.8577740916 0.25181179632116957 
10.8877679869 0.24546051562270996 
10.9177618883 0.2393139684468039 
10.9477557953 0.23337777350619618 
10.9777497075 0.22765789168807452 
11.0077436248 0.22215768389207635 
11.0377375467 0.21688154311487182 
11.067731473 0.21183095254322107 
11.0977254033 0.20700772292874578 
11.1277193374 0.2024130747271208 
11.157713275 0.19804758802184533 
11.1877072158 0.19391051964765815 
11.2177011596 0.19000200331987438 
11.2476951062 0.18631959750320895 
11.2776890553 0.18286235705202344 
11.3076830066 0.17962846700745652 
11.3376769601 0.1766157187292956 
11.3676709155 0.17381810796953004 
11.3976648726 0.1712347443831404 
11.4276588312 0.16885889975755553 
11.4576527912 0.16668524157454587 
11.4876467525 0.1647076783414899 
11.5176407148 0.1629169492790174 
11.547634678 0.1613051578357471 
11.5776286421 0.1598624978936389 
11.6076226068 0.15857494883895082 
11.6376165722 0.15743181220654187 
11.667610538 0.15641818576529762 
11.6976045042 0.15551782346612292 
11.7275984708 0.15471232778871835 
11.7575924377 0.1539858804034378 
11.7875864049 0.15331522485837565 
11.8175803723 0.15268299046408862 
11.8475743399 0.1520692758579586 
11.8775683078 0.15145199178522115 
11.9075622759 0.1508111449781394 
11.9375562443 0.15012564025682934 
11.9675502131 0.14937905942757004 
11.9975441824 0.14855443435541987 
12.0275381521 0.1476374752896519 
12.0575321225 0.14661517499505716 
12.0875260935 0.1454793381681524 
12.1175200654 0.14422557769552016 
12.1475140383 0.14284986296093402 
12.1775080121 0.14135884016647388 
12.2075019871 0.13975556817008944 
12.2374959634 0.1380512819247289 
12.2674899409 0.13625896829637196 
12.2974839199 0.13439581093221414 
12.3274779003 0.13248090690425712 
12.3574718822 0.1305392481140851 
12.3874658657 0.12858929680765652 
12.4174598506 0.12665880525727485 
12.4474538371 0.12476854505612871 
12.4774478252 0.12293318920301699 
12.5074418146 0.12118577703789006 
12.5374358055 0.11953586494930346 
12.5674297977 0.11799572998844969 
12.5974237912 0.11656916432952684 
12.6274177859 0.11527449888861795 
12.6574117817 0.11410413653928837 
12.6874057785 0.11306045769744293 
12.7173997763 0.11213721334241689 
12.747393775 0.11131934517994153 
12.7773877744 0.1106033143842701 
12.8073817746 0.109976122071329 
12.8373757755 0.10942714604238979 
12.867369777 0.10893618057117826 
12.8973637791 0.10850252796449247 
12.9273577818 0.10809790425319567 
12.957351785 0.10771254315365325 
12.9873457888 0.1073386275685292 
13.0173397931 0.10696818126270913 
13.0473337979 0.10659506106561727 
13.0773278033 0.10620375647743634 
13.1073218093 0.10580097439551832 
13.1373158159 0.10538920648472452 
13.1673098231 0.10496653669118365 
13.197303831 0.10452807043126149 
13.2272978397 0.10409520143110587 
13.257291849 0.10367553731439934 
13.2872858591 0.1032853187188593 
13.3172798699 0.10293374587081758 
13.3472738815 0.10263967938323176 
13.377267894 0.10241856704356729 
13.4072619071 0.10228075314052021 
13.4372559211 0.10225342649387946 
13.4672499357 0.10233680088155886 
13.4972439511 0.10254010031778843 
13.5272379672 0.10287163884102161 
13.5572319838 0.10333914471760229 
13.5872260011 0.10393715742791303 
13.6172200188 0.10463821339053803 
13.647214037 0.10545519966783101 
13.6772080557 0.10637710635042912 
13.7072020747 0.10737008697855872 
13.737196094 0.10842966101125777 
13.7671901136 0.10953101657824557 
13.7971841334 0.1106478891398717 
13.8271781535 0.1117812225648127 
13.8571721737 0.1128924935958333 
13.8871661941 0.11397383573606597 
13.9171602146 0.11500246823118819 
13.9471542353 0.11596531042782932 
13.9771482562 0.11685345074938167 
14.0071422772 0.11765984054441889 
14.0371362985 0.11836464759737161 
14.0671303199 0.11897262192723794 
14.0971243416 0.11946669689668388 
14.1271183635 0.11985641694580716 
14.1571123857 0.12012445751524506 
14.1871064083 0.12028807394141697 
14.2171004312 0.12033853660632257 
14.2470944546 0.12027407854267248 
14.2770884784 0.1201123210249393 
14.3070825027 0.11984917060727279 
14.3370765275 0.1194893990849537 
14.3670705528 0.11905031720064098 
14.3970645787 0.11853860393428994 
14.4270586052 0.11794950404096174 
14.4570526323 0.11732086439195406 
14.4870466601 0.11664791915867645 
14.5170406885 0.11595352604111701 
14.5470347176 0.11523855464472935 
14.5770287474 0.11452925011091288 
14.6070227778 0.1138389203862433 
14.637016809 0.11317814456462812 
14.6670108408 0.11256057101441101 
14.6970048732 0.11200817845982433 
14.7269989063 0.11153672943349993 
14.7569929401 0.11115397228163802 
14.7869869744 0.11087818683674239 
14.8169810093 0.11072094844216135 
14.8469750448 0.11069833248693983 
14.8769690809 0.11081685956286078 
14.9069631174 0.11109552920086017 
14.9369571543 0.1115208962730774 
14.9669511916 0.112123379748452 
14.9969452293 0.11288910392388242 
15.0269392673 0.11383137405971977 
15.0569333055 0.11494690453242651 
15.0869273439 0.1162125024397255 
15.1169213825 0.11764738739901083 
15.1469154211 0.11922268916751819 
15.1769094597 0.12093802083210778 
15.2069034982 0.12278295394067776 
15.2368975366 0.12472829533696661 
15.2668915748 0.12677169074233996 
15.2968856128 0.128886411621347 
15.3268796504 0.13104767356943117 
15.3568736878 0.1332432945369811 
15.3868677247 0.1354557354199716 
15.4168617613 0.13766329472748112 
15.4468557974 0.13984943403770997 
15.4768498332 0.14198561230523873 
15.5068438684 0.1440743660785445 
15.5368379033 0.1460862446572767 
15.5668319377 0.14801741777322788 
15.5968259717 0.149861926032089 
15.6268200054 0.15159247333965886 
15.6568140388 0.15322190239380712 
15.6868080719 0.1547428420922579 
15.7168021049 0.15614725931975112 
15.7467961376 0.1574418566713018 
15.7767901703 0.15862304910887687 
15.8067842029 0.15969853197541847 
15.8367782356 0.16066798778040678 
15.8667722683 0.1615426418856789 
15.8967663012 0.1623275390549502 
15.9267603344 0.16302478426893216 
15.9567543678 0.16364309830987755 
15.9867484015 0.16419374690741878 
16.0167424356 0.1646750841816108 
16.0467364701 0.16510582467194726 
16.0767305051 0.16548623858848427 
16.1067245406 0.16582024362708145 
16.1367185767 0.1661236307021458 
16.1667126133 0.1663908952359985 
16.1967066506 0.16662507427169418 
16.2267006885 0.16683494386813774 
16.2566947272 0.1670328718999286 
16.2866887665 0.16719859957812883 
16.3166828066 0.16735536420605232 
16.3466768475 0.16749135456447328 
16.3766708892 0.16761292593871532 
16.4066649317 0.16772555857134114 
16.4366589751 0.1678242882284583 
16.4666530194 0.1679050580064861 
16.4966470647 0.1679703642135485 
16.5266411108 0.16802393226075224 
16.556635158 0.16806678935620165 
16.5866292062 0.1680870768013119 
16.6166232555 0.1680976890810848 
16.6466173058 0.16808888444469008 
16.6766113573 0.16806206811771862 
16.7066054099 0.16801579808220873 
16.7365994638 0.16795936087903982 
16.7665935189 0.16788214094931128 
16.7965875753 0.16779029513244348 
16.826581633 0.16768511816634823 
16.856575692 0.1675636564969732 
16.8865697525 0.16742031297211515 
16.9165638144 0.16726436763313574 
16.9465578778 0.1670962655340259 
16.9765519428 0.16692123853978716 
17.0065460093 0.16673778711198275 
17.0365400774 0.1665379976565333 
17.0665341473 0.16633676370552047 
17.0965282188 0.16613499309876162 
17.1265222921 0.16592717105254517 
17.1565163672 0.16572340599794258 
17.1865104442 0.16551773647941687 
17.2165045231 0.16532237763081495 
17.2464986039 0.16513642196960282 
17.2764926867 0.16495870812059563 
17.3064867716 0.16479910987840998 
17.3364808586 0.16464957084167844 
17.3664749477 0.16453959251861316 
17.3964690391 0.16443672400751877 
17.4264631326 0.16437044445314924 
17.4564572285 0.1643514838587077 
17.4864513268 0.16433906684779417 
17.5164454274 0.1643780441841743 
17.5464395306 0.16448264181803213 
17.5764336363 0.16462586837373694 
17.6064277445 0.16481783864746788 
17.6364218555 0.16511434076313747 
17.6664159691 0.16544298771995877 
17.6964100855 0.16585289768612127 
17.7264042048 0.16634010224395965 
17.756398327 0.16692080538835374 
17.7863924521 0.167596367353982 
17.8163865803 0.16840507613458958 
17.8463807117 0.16932890539296047 
17.8763748462 0.17045408964888026 
17.906368984 0.22370000786966018 
17.9363631252 0.17286084612066713 
17.9663572697 0.17435726512313002 
17.9963514178 0.17605050673591927 
18.0263455694 0.17790036989964908 
18.0563397247 0.17999867747504608 
18.0863338837 0.18235678728797172 
18.1163280464 0.18489408261696974 
18.146322213 0.18775692496735386 
18.1763163835 0.19094027065372715 
18.2063105579 0.1944419116497353 
18.2363047363 0.2022767004425281 
18.2662989187 0.20259841651477936 
18.296293105 0.20734529665231105 
18.3262872953 0.21257095338484588 
18.3562814895 0.21834470851493265 
18.3862756874 0.2247295733092634 
18.4162698889 0.2318649093851853 
18.4462640938 0.23971198892001785 
18.4762583017 0.24844756896116238 
18.5062525122 0.2581671726602578 
18.5362467246 0.2689888105260779 
18.5662409381 0.2873225350482424 
18.5962351518 0.2945378730358399 
18.626229364 0.3097771478665886 
18.656223573 0.3269094680883122 
18.6862177762 0.3463519739293317 
18.7162119701 0.3684400555566058 
18.7462061503 1.595060736963378 
18.7762003105 0.42296829519192725 
18.8061944422 0.45688804960327706 
18.8361885335 0.49671134991857396 
18.8661825676 0.5437814774967019 
18.8961765204 0.6007812988627192 
18.9261703563 0.6688659938743815 
18.9561640215 0.7533332220008914 
18.9861574324 0.8599539595990977 
19.0161504537 0.9967451417196485 
19.0461428577 1.1779880171976862 
19.0761342398 1.4267518033211894 
19.1061238354 1.7774328891675228 
19.1361100918 2.303584417691084 
19.1660895936 3.1137668397499607 
19.1960542977 4.412206258677301 
19.2259854254 6.395884165481427 
19.2558521401 8.542627851149652 
19.2847010533 41231.48789503194 
19.309846258 45745.30114886177 
19.3261549691 6.707293260278797 
19.3377117742 5.265820252841821 
19.3466733485 8.036496323878039 
19.3539374023 15.25539048189344 
19.3601155041 8.86587901626082 
19.3656628242 16.535913282134167 
19.370511063 7.952457119648852 
19.3747164973 7.125036162444034 
19.3785989752 10.253524026101378 
19.3824452254 9.961431648572646 
19.3860913982 7.128189805182072 
19.3893094923 10.723272400709238 
19.3924093413 8.265662766767791 
19.3952824008 8.54153551071849 
